(kicad_pcb (version 20171130) (host pcbnew "(5.1.7)-1")

  (general
    (thickness 1.6)
    (drawings 6)
    (tracks 1833)
    (zones 0)
    (modules 131)
    (nets 95)
  )

  (page A)
  (layers
    (0 F.Cu signal)
    (31 B.Cu signal)
    (32 B.Adhes user hide)
    (33 F.Adhes user hide)
    (34 B.Paste user hide)
    (35 F.Paste user hide)
    (36 B.SilkS user)
    (37 F.SilkS user)
    (38 B.Mask user)
    (39 F.Mask user)
    (40 Dwgs.User user hide)
    (41 Cmts.User user hide)
    (42 Eco1.User user hide)
    (43 Eco2.User user hide)
    (44 Edge.Cuts user hide)
    (45 Margin user)
    (46 B.CrtYd user hide)
    (47 F.CrtYd user hide)
    (48 B.Fab user hide)
    (49 F.Fab user hide)
  )

  (setup
    (last_trace_width 0.6)
    (user_trace_width 0.154)
    (user_trace_width 0.4)
    (user_trace_width 0.6)
    (user_trace_width 0.8)
    (user_trace_width 1.2)
    (user_trace_width 2)
    (trace_clearance 0.2)
    (zone_clearance 0.2)
    (zone_45_only no)
    (trace_min 0.152)
    (via_size 0.6)
    (via_drill 0.4)
    (via_min_size 0.4)
    (via_min_drill 0.3)
    (user_via 0.6 0.4)
    (user_via 1.2 0.8)
    (user_via 3.1 3)
    (uvia_size 0.3)
    (uvia_drill 0.1)
    (uvias_allowed no)
    (uvia_min_size 0.2)
    (uvia_min_drill 0.1)
    (edge_width 0.15)
    (segment_width 0.2)
    (pcb_text_width 0.3)
    (pcb_text_size 1.5 1.5)
    (mod_edge_width 0.15)
    (mod_text_size 1 1)
    (mod_text_width 0.15)
    (pad_size 3 2.2)
    (pad_drill 1.52)
    (pad_to_mask_clearance 0)
    (pad_to_paste_clearance_ratio -0.1)
    (aux_axis_origin 0 0)
    (grid_origin 22.11 23.15)
    (visible_elements 7FFFFFFF)
    (pcbplotparams
      (layerselection 0x020e8_ffffffff)
      (usegerberextensions true)
      (usegerberattributes false)
      (usegerberadvancedattributes false)
      (creategerberjobfile false)
      (excludeedgelayer true)
      (linewidth 0.100000)
      (plotframeref false)
      (viasonmask false)
      (mode 1)
      (useauxorigin false)
      (hpglpennumber 1)
      (hpglpenspeed 20)
      (hpglpendiameter 15.000000)
      (psnegative false)
      (psa4output false)
      (plotreference true)
      (plotvalue false)
      (plotinvisibletext false)
      (padsonsilk false)
      (subtractmaskfromsilk true)
      (outputformat 1)
      (mirror false)
      (drillshape 0)
      (scaleselection 1)
      (outputdirectory "./"))
  )

  (net 0 "")
  (net 1 GND)
  (net 2 /SAMPWR)
  (net 3 /DRVf7)
  (net 4 /SENSE7)
  (net 5 /DRVf6)
  (net 6 /DRVf5)
  (net 7 /SENSE5)
  (net 8 /DRVf4)
  (net 9 /DRVf3)
  (net 10 /SENSE3)
  (net 11 /DRVf2)
  (net 12 /DRVf1)
  (net 13 /SENSE1)
  (net 14 /DRVf0)
  (net 15 /SENSECOMMON)
  (net 16 /DRVn7)
  (net 17 /SENSE6)
  (net 18 /DRVn6)
  (net 19 /DRVn5)
  (net 20 /SENSE4)
  (net 21 /DRVn4)
  (net 22 /DRVn3)
  (net 23 /SENSE2)
  (net 24 /DRVn2)
  (net 25 /DRVn1)
  (net 26 /SENSE0)
  (net 27 /DRVn0)
  (net 28 VCC)
  (net 29 "Net-(J11-Pad4)")
  (net 30 /ICLK)
  (net 31 /IDTA)
  (net 32 /nMCLR)
  (net 33 /SYNC_LOAD)
  (net 34 /MASTEROUT)
  (net 35 /CLOCK)
  (net 36 /PERIPHOUT)
  (net 37 /OFFCOIL0)
  (net 38 /OFFCOIL1)
  (net 39 /OFFCOIL2)
  (net 40 /OFFCOIL3)
  (net 41 /ONCOIL0)
  (net 42 /ONCOIL1)
  (net 43 /ONCOIL2)
  (net 44 /ONCOIL3)
  (net 45 /OFFCOIL4)
  (net 46 /OFFCOIL5)
  (net 47 /OFFCOIL6)
  (net 48 /OFFCOIL7)
  (net 49 /ONCOIL4)
  (net 50 /ONCOIL5)
  (net 51 /ONCOIL6)
  (net 52 /ONCOIL7)
  (net 53 "Net-(D17-Pad1)")
  (net 54 "Net-(D17-Pad2)")
  (net 55 "Net-(J1-Pad1)")
  (net 56 "Net-(J2-Pad1)")
  (net 57 "Net-(J3-Pad1)")
  (net 58 "Net-(J4-Pad1)")
  (net 59 "Net-(J5-Pad1)")
  (net 60 "Net-(J6-Pad1)")
  (net 61 "Net-(J7-Pad1)")
  (net 62 "Net-(J8-Pad1)")
  (net 63 "Net-(NCnQ1-Pad3)")
  (net 64 "Net-(NCnQ1-Pad1)")
  (net 65 "Net-(NCnQ2-Pad1)")
  (net 66 "Net-(NCnQ2-Pad3)")
  (net 67 "Net-(NCnQ3-Pad1)")
  (net 68 "Net-(NCnQ3-Pad3)")
  (net 69 "Net-(NCnQ4-Pad1)")
  (net 70 "Net-(NCnQ4-Pad3)")
  (net 71 "Net-(NCnQ5-Pad1)")
  (net 72 "Net-(NCnQ5-Pad3)")
  (net 73 "Net-(NCnQ6-Pad1)")
  (net 74 "Net-(NCnQ6-Pad3)")
  (net 75 "Net-(NCnQ7-Pad1)")
  (net 76 "Net-(NCnQ7-Pad3)")
  (net 77 "Net-(NCnQ8-Pad3)")
  (net 78 "Net-(NCnQ8-Pad1)")
  (net 79 "Net-(NCnQ9-Pad3)")
  (net 80 "Net-(NCnQ9-Pad1)")
  (net 81 "Net-(NCnQ10-Pad3)")
  (net 82 "Net-(NCnQ10-Pad1)")
  (net 83 "Net-(NCnQ11-Pad1)")
  (net 84 "Net-(NCnQ11-Pad3)")
  (net 85 "Net-(NCnQ12-Pad1)")
  (net 86 "Net-(NCnQ12-Pad3)")
  (net 87 "Net-(NCnQ13-Pad3)")
  (net 88 "Net-(NCnQ13-Pad1)")
  (net 89 "Net-(NCnQ14-Pad1)")
  (net 90 "Net-(NCnQ14-Pad3)")
  (net 91 "Net-(NCnQ15-Pad3)")
  (net 92 "Net-(NCnQ15-Pad1)")
  (net 93 "Net-(NCnQ16-Pad3)")
  (net 94 "Net-(NCnQ16-Pad1)")

  (net_class Default "This is the default net class."
    (clearance 0.2)
    (trace_width 0.25)
    (via_dia 0.6)
    (via_drill 0.4)
    (uvia_dia 0.3)
    (uvia_drill 0.1)
    (add_net /CLOCK)
    (add_net /DRVf0)
    (add_net /DRVf1)
    (add_net /DRVf2)
    (add_net /DRVf3)
    (add_net /DRVf4)
    (add_net /DRVf5)
    (add_net /DRVf6)
    (add_net /DRVf7)
    (add_net /DRVn0)
    (add_net /DRVn1)
    (add_net /DRVn2)
    (add_net /DRVn3)
    (add_net /DRVn4)
    (add_net /DRVn5)
    (add_net /DRVn6)
    (add_net /DRVn7)
    (add_net /ICLK)
    (add_net /IDTA)
    (add_net /MASTEROUT)
    (add_net /OFFCOIL0)
    (add_net /OFFCOIL1)
    (add_net /OFFCOIL2)
    (add_net /OFFCOIL3)
    (add_net /OFFCOIL4)
    (add_net /OFFCOIL5)
    (add_net /OFFCOIL6)
    (add_net /OFFCOIL7)
    (add_net /ONCOIL0)
    (add_net /ONCOIL1)
    (add_net /ONCOIL2)
    (add_net /ONCOIL3)
    (add_net /ONCOIL4)
    (add_net /ONCOIL5)
    (add_net /ONCOIL6)
    (add_net /ONCOIL7)
    (add_net /PERIPHOUT)
    (add_net /SAMPWR)
    (add_net /SENSE0)
    (add_net /SENSE1)
    (add_net /SENSE2)
    (add_net /SENSE3)
    (add_net /SENSE4)
    (add_net /SENSE5)
    (add_net /SENSE6)
    (add_net /SENSE7)
    (add_net /SENSECOMMON)
    (add_net /SYNC_LOAD)
    (add_net /nMCLR)
    (add_net GND)
    (add_net "Net-(D17-Pad1)")
    (add_net "Net-(D17-Pad2)")
    (add_net "Net-(J1-Pad1)")
    (add_net "Net-(J11-Pad4)")
    (add_net "Net-(J2-Pad1)")
    (add_net "Net-(J3-Pad1)")
    (add_net "Net-(J4-Pad1)")
    (add_net "Net-(J5-Pad1)")
    (add_net "Net-(J6-Pad1)")
    (add_net "Net-(J7-Pad1)")
    (add_net "Net-(J8-Pad1)")
    (add_net "Net-(NCnQ1-Pad1)")
    (add_net "Net-(NCnQ1-Pad3)")
    (add_net "Net-(NCnQ10-Pad1)")
    (add_net "Net-(NCnQ10-Pad3)")
    (add_net "Net-(NCnQ11-Pad1)")
    (add_net "Net-(NCnQ11-Pad3)")
    (add_net "Net-(NCnQ12-Pad1)")
    (add_net "Net-(NCnQ12-Pad3)")
    (add_net "Net-(NCnQ13-Pad1)")
    (add_net "Net-(NCnQ13-Pad3)")
    (add_net "Net-(NCnQ14-Pad1)")
    (add_net "Net-(NCnQ14-Pad3)")
    (add_net "Net-(NCnQ15-Pad1)")
    (add_net "Net-(NCnQ15-Pad3)")
    (add_net "Net-(NCnQ16-Pad1)")
    (add_net "Net-(NCnQ16-Pad3)")
    (add_net "Net-(NCnQ2-Pad1)")
    (add_net "Net-(NCnQ2-Pad3)")
    (add_net "Net-(NCnQ3-Pad1)")
    (add_net "Net-(NCnQ3-Pad3)")
    (add_net "Net-(NCnQ4-Pad1)")
    (add_net "Net-(NCnQ4-Pad3)")
    (add_net "Net-(NCnQ5-Pad1)")
    (add_net "Net-(NCnQ5-Pad3)")
    (add_net "Net-(NCnQ6-Pad1)")
    (add_net "Net-(NCnQ6-Pad3)")
    (add_net "Net-(NCnQ7-Pad1)")
    (add_net "Net-(NCnQ7-Pad3)")
    (add_net "Net-(NCnQ8-Pad1)")
    (add_net "Net-(NCnQ8-Pad3)")
    (add_net "Net-(NCnQ9-Pad1)")
    (add_net "Net-(NCnQ9-Pad3)")
    (add_net VCC)
  )

  (module MountingHole:MountingHole_3.2mm_M3 (layer F.Cu) (tedit 56D1B4CB) (tstamp 605CBF19)
    (at 236.41 76.65)
    (descr "Mounting Hole 3.2mm, no annular, M3")
    (tags "mounting hole 3.2mm no annular m3")
    (path /6091CF35)
    (attr virtual)
    (fp_text reference H2 (at 0 -4.2) (layer F.SilkS)
      (effects (font (size 1 1) (thickness 0.15)))
    )
    (fp_text value MountingHole (at 0 4.2) (layer F.Fab)
      (effects (font (size 1 1) (thickness 0.15)))
    )
    (fp_circle (center 0 0) (end 3.45 0) (layer F.CrtYd) (width 0.05))
    (fp_circle (center 0 0) (end 3.2 0) (layer Cmts.User) (width 0.15))
    (fp_text user %R (at 0.3 0) (layer F.Fab)
      (effects (font (size 1 1) (thickness 0.15)))
    )
    (pad 1 np_thru_hole circle (at 0 0) (size 3.2 3.2) (drill 3.2) (layers *.Cu *.Mask))
  )

  (module Capacitor_SMD:C_0805_2012Metric_Pad1.18x1.45mm_HandSolder (layer F.Cu) (tedit 5F68FEEF) (tstamp 605B0A46)
    (at 148.685 54.375 135)
    (descr "Capacitor SMD 0805 (2012 Metric), square (rectangular) end terminal, IPC_7351 nominal with elongated pad for handsoldering. (Body size source: IPC-SM-782 page 76, https://www.pcb-3d.com/wordpress/wp-content/uploads/ipc-sm-782a_amendment_1_and_2.pdf, https://docs.google.com/spreadsheets/d/1BsfQQcO9C6DZCsRaXUlFlo91Tg2WpOkGARC1WS5S8t0/edit?usp=sharing), generated with kicad-footprint-generator")
    (tags "capacitor handsolder")
    (path /5D07AF05)
    (attr smd)
    (fp_text reference C5 (at 0 -1.68 135) (layer F.SilkS)
      (effects (font (size 1 1) (thickness 0.15)))
    )
    (fp_text value 302010138 (at 0 1.68 135) (layer F.Fab)
      (effects (font (size 1 1) (thickness 0.15)))
    )
    (fp_line (start 1.88 0.98) (end -1.88 0.98) (layer F.CrtYd) (width 0.05))
    (fp_line (start 1.88 -0.98) (end 1.88 0.98) (layer F.CrtYd) (width 0.05))
    (fp_line (start -1.88 -0.98) (end 1.88 -0.98) (layer F.CrtYd) (width 0.05))
    (fp_line (start -1.88 0.98) (end -1.88 -0.98) (layer F.CrtYd) (width 0.05))
    (fp_line (start -0.261252 0.735) (end 0.261252 0.735) (layer F.SilkS) (width 0.12))
    (fp_line (start -0.261252 -0.735) (end 0.261252 -0.735) (layer F.SilkS) (width 0.12))
    (fp_line (start 1 0.625) (end -1 0.625) (layer F.Fab) (width 0.1))
    (fp_line (start 1 -0.625) (end 1 0.625) (layer F.Fab) (width 0.1))
    (fp_line (start -1 -0.625) (end 1 -0.625) (layer F.Fab) (width 0.1))
    (fp_line (start -1 0.625) (end -1 -0.625) (layer F.Fab) (width 0.1))
    (fp_text user %R (at 0 0 135) (layer F.Fab)
      (effects (font (size 0.5 0.5) (thickness 0.08)))
    )
    (pad 1 smd roundrect (at -1.0375 0 135) (size 1.175 1.45) (layers F.Cu F.Paste F.Mask) (roundrect_rratio 0.2127659574468085)
      (net 28 VCC))
    (pad 2 smd roundrect (at 1.0375 0 135) (size 1.175 1.45) (layers F.Cu F.Paste F.Mask) (roundrect_rratio 0.2127659574468085)
      (net 1 GND))
    (model ${KISYS3DMOD}/Capacitor_SMD.3dshapes/C_0805_2012Metric.wrl
      (at (xyz 0 0 0))
      (scale (xyz 1 1 1))
      (rotate (xyz 0 0 0))
    )
  )

  (module Capacitor_SMD:C_0603_1608Metric_Pad1.08x0.95mm_HandSolder (layer F.Cu) (tedit 5F68FEEF) (tstamp 605B0A57)
    (at 163.51 43.225)
    (descr "Capacitor SMD 0603 (1608 Metric), square (rectangular) end terminal, IPC_7351 nominal with elongated pad for handsoldering. (Body size source: IPC-SM-782 page 76, https://www.pcb-3d.com/wordpress/wp-content/uploads/ipc-sm-782a_amendment_1_and_2.pdf), generated with kicad-footprint-generator")
    (tags "capacitor handsolder")
    (path /5D07AF19)
    (attr smd)
    (fp_text reference C6 (at 0 -1.43) (layer F.SilkS)
      (effects (font (size 1 1) (thickness 0.15)))
    )
    (fp_text value 302010138 (at 0 1.43) (layer F.Fab)
      (effects (font (size 1 1) (thickness 0.15)))
    )
    (fp_line (start 1.65 0.73) (end -1.65 0.73) (layer F.CrtYd) (width 0.05))
    (fp_line (start 1.65 -0.73) (end 1.65 0.73) (layer F.CrtYd) (width 0.05))
    (fp_line (start -1.65 -0.73) (end 1.65 -0.73) (layer F.CrtYd) (width 0.05))
    (fp_line (start -1.65 0.73) (end -1.65 -0.73) (layer F.CrtYd) (width 0.05))
    (fp_line (start -0.146267 0.51) (end 0.146267 0.51) (layer F.SilkS) (width 0.12))
    (fp_line (start -0.146267 -0.51) (end 0.146267 -0.51) (layer F.SilkS) (width 0.12))
    (fp_line (start 0.8 0.4) (end -0.8 0.4) (layer F.Fab) (width 0.1))
    (fp_line (start 0.8 -0.4) (end 0.8 0.4) (layer F.Fab) (width 0.1))
    (fp_line (start -0.8 -0.4) (end 0.8 -0.4) (layer F.Fab) (width 0.1))
    (fp_line (start -0.8 0.4) (end -0.8 -0.4) (layer F.Fab) (width 0.1))
    (fp_text user %R (at 0 0) (layer F.Fab)
      (effects (font (size 0.4 0.4) (thickness 0.06)))
    )
    (pad 1 smd roundrect (at -0.8625 0) (size 1.075 0.95) (layers F.Cu F.Paste F.Mask) (roundrect_rratio 0.25)
      (net 28 VCC))
    (pad 2 smd roundrect (at 0.8625 0) (size 1.075 0.95) (layers F.Cu F.Paste F.Mask) (roundrect_rratio 0.25)
      (net 1 GND))
    (model ${KISYS3DMOD}/Capacitor_SMD.3dshapes/C_0603_1608Metric.wrl
      (at (xyz 0 0 0))
      (scale (xyz 1 1 1))
      (rotate (xyz 0 0 0))
    )
  )

  (module Package_TO_SOT_SMD:SOT-23_Handsoldering (layer F.Cu) (tedit 5A0AB76C) (tstamp 605B0A6C)
    (at 76.16 75 90)
    (descr "SOT-23, Handsoldering")
    (tags SOT-23)
    (path /615A9A75)
    (attr smd)
    (fp_text reference D1 (at 0 -2.5 90) (layer F.SilkS)
      (effects (font (size 1 1) (thickness 0.15)))
    )
    (fp_text value BAV23S (at 0 2.5 90) (layer F.Fab)
      (effects (font (size 1 1) (thickness 0.15)))
    )
    (fp_line (start 0.76 1.58) (end 0.76 0.65) (layer F.SilkS) (width 0.12))
    (fp_line (start 0.76 -1.58) (end 0.76 -0.65) (layer F.SilkS) (width 0.12))
    (fp_line (start -2.7 -1.75) (end 2.7 -1.75) (layer F.CrtYd) (width 0.05))
    (fp_line (start 2.7 -1.75) (end 2.7 1.75) (layer F.CrtYd) (width 0.05))
    (fp_line (start 2.7 1.75) (end -2.7 1.75) (layer F.CrtYd) (width 0.05))
    (fp_line (start -2.7 1.75) (end -2.7 -1.75) (layer F.CrtYd) (width 0.05))
    (fp_line (start 0.76 -1.58) (end -2.4 -1.58) (layer F.SilkS) (width 0.12))
    (fp_line (start -0.7 -0.95) (end -0.7 1.5) (layer F.Fab) (width 0.1))
    (fp_line (start -0.15 -1.52) (end 0.7 -1.52) (layer F.Fab) (width 0.1))
    (fp_line (start -0.7 -0.95) (end -0.15 -1.52) (layer F.Fab) (width 0.1))
    (fp_line (start 0.7 -1.52) (end 0.7 1.52) (layer F.Fab) (width 0.1))
    (fp_line (start -0.7 1.52) (end 0.7 1.52) (layer F.Fab) (width 0.1))
    (fp_line (start 0.76 1.58) (end -0.7 1.58) (layer F.SilkS) (width 0.12))
    (fp_text user %R (at 0 0) (layer F.Fab)
      (effects (font (size 0.5 0.5) (thickness 0.075)))
    )
    (pad 3 smd rect (at 1.5 0 90) (size 1.9 0.8) (layers F.Cu F.Paste F.Mask)
      (net 37 /OFFCOIL0))
    (pad 2 smd rect (at -1.5 0.95 90) (size 1.9 0.8) (layers F.Cu F.Paste F.Mask)
      (net 2 /SAMPWR))
    (pad 1 smd rect (at -1.5 -0.95 90) (size 1.9 0.8) (layers F.Cu F.Paste F.Mask)
      (net 1 GND))
    (model ${KISYS3DMOD}/Package_TO_SOT_SMD.3dshapes/SOT-23.wrl
      (at (xyz 0 0 0))
      (scale (xyz 1 1 1))
      (rotate (xyz 0 0 0))
    )
  )

  (module Package_TO_SOT_SMD:SOT-23_Handsoldering (layer F.Cu) (tedit 5A0AB76C) (tstamp 605B0A81)
    (at 87.642 74.331 270)
    (descr "SOT-23, Handsoldering")
    (tags SOT-23)
    (path /615A9B30)
    (attr smd)
    (fp_text reference D2 (at 0 -2.5 90) (layer F.SilkS)
      (effects (font (size 1 1) (thickness 0.15)))
    )
    (fp_text value BAV23S (at 0 2.5 90) (layer F.Fab)
      (effects (font (size 1 1) (thickness 0.15)))
    )
    (fp_line (start 0.76 1.58) (end 0.76 0.65) (layer F.SilkS) (width 0.12))
    (fp_line (start 0.76 -1.58) (end 0.76 -0.65) (layer F.SilkS) (width 0.12))
    (fp_line (start -2.7 -1.75) (end 2.7 -1.75) (layer F.CrtYd) (width 0.05))
    (fp_line (start 2.7 -1.75) (end 2.7 1.75) (layer F.CrtYd) (width 0.05))
    (fp_line (start 2.7 1.75) (end -2.7 1.75) (layer F.CrtYd) (width 0.05))
    (fp_line (start -2.7 1.75) (end -2.7 -1.75) (layer F.CrtYd) (width 0.05))
    (fp_line (start 0.76 -1.58) (end -2.4 -1.58) (layer F.SilkS) (width 0.12))
    (fp_line (start -0.7 -0.95) (end -0.7 1.5) (layer F.Fab) (width 0.1))
    (fp_line (start -0.15 -1.52) (end 0.7 -1.52) (layer F.Fab) (width 0.1))
    (fp_line (start -0.7 -0.95) (end -0.15 -1.52) (layer F.Fab) (width 0.1))
    (fp_line (start 0.7 -1.52) (end 0.7 1.52) (layer F.Fab) (width 0.1))
    (fp_line (start -0.7 1.52) (end 0.7 1.52) (layer F.Fab) (width 0.1))
    (fp_line (start 0.76 1.58) (end -0.7 1.58) (layer F.SilkS) (width 0.12))
    (fp_text user %R (at 0 0) (layer F.Fab)
      (effects (font (size 0.5 0.5) (thickness 0.075)))
    )
    (pad 3 smd rect (at 1.5 0 270) (size 1.9 0.8) (layers F.Cu F.Paste F.Mask)
      (net 38 /OFFCOIL1))
    (pad 2 smd rect (at -1.5 0.95 270) (size 1.9 0.8) (layers F.Cu F.Paste F.Mask)
      (net 2 /SAMPWR))
    (pad 1 smd rect (at -1.5 -0.95 270) (size 1.9 0.8) (layers F.Cu F.Paste F.Mask)
      (net 1 GND))
    (model ${KISYS3DMOD}/Package_TO_SOT_SMD.3dshapes/SOT-23.wrl
      (at (xyz 0 0 0))
      (scale (xyz 1 1 1))
      (rotate (xyz 0 0 0))
    )
  )

  (module Package_TO_SOT_SMD:SOT-23_Handsoldering (layer F.Cu) (tedit 5A0AB76C) (tstamp 605B0A96)
    (at 108.91 68.75 90)
    (descr "SOT-23, Handsoldering")
    (tags SOT-23)
    (path /615A9BE7)
    (attr smd)
    (fp_text reference D3 (at 0 -2.5 90) (layer F.SilkS)
      (effects (font (size 1 1) (thickness 0.15)))
    )
    (fp_text value BAV23S (at 0 2.5 90) (layer F.Fab)
      (effects (font (size 1 1) (thickness 0.15)))
    )
    (fp_line (start 0.76 1.58) (end 0.76 0.65) (layer F.SilkS) (width 0.12))
    (fp_line (start 0.76 -1.58) (end 0.76 -0.65) (layer F.SilkS) (width 0.12))
    (fp_line (start -2.7 -1.75) (end 2.7 -1.75) (layer F.CrtYd) (width 0.05))
    (fp_line (start 2.7 -1.75) (end 2.7 1.75) (layer F.CrtYd) (width 0.05))
    (fp_line (start 2.7 1.75) (end -2.7 1.75) (layer F.CrtYd) (width 0.05))
    (fp_line (start -2.7 1.75) (end -2.7 -1.75) (layer F.CrtYd) (width 0.05))
    (fp_line (start 0.76 -1.58) (end -2.4 -1.58) (layer F.SilkS) (width 0.12))
    (fp_line (start -0.7 -0.95) (end -0.7 1.5) (layer F.Fab) (width 0.1))
    (fp_line (start -0.15 -1.52) (end 0.7 -1.52) (layer F.Fab) (width 0.1))
    (fp_line (start -0.7 -0.95) (end -0.15 -1.52) (layer F.Fab) (width 0.1))
    (fp_line (start 0.7 -1.52) (end 0.7 1.52) (layer F.Fab) (width 0.1))
    (fp_line (start -0.7 1.52) (end 0.7 1.52) (layer F.Fab) (width 0.1))
    (fp_line (start 0.76 1.58) (end -0.7 1.58) (layer F.SilkS) (width 0.12))
    (fp_text user %R (at 0 0) (layer F.Fab)
      (effects (font (size 0.5 0.5) (thickness 0.075)))
    )
    (pad 3 smd rect (at 1.5 0 90) (size 1.9 0.8) (layers F.Cu F.Paste F.Mask)
      (net 39 /OFFCOIL2))
    (pad 2 smd rect (at -1.5 0.95 90) (size 1.9 0.8) (layers F.Cu F.Paste F.Mask)
      (net 2 /SAMPWR))
    (pad 1 smd rect (at -1.5 -0.95 90) (size 1.9 0.8) (layers F.Cu F.Paste F.Mask)
      (net 1 GND))
    (model ${KISYS3DMOD}/Package_TO_SOT_SMD.3dshapes/SOT-23.wrl
      (at (xyz 0 0 0))
      (scale (xyz 1 1 1))
      (rotate (xyz 0 0 0))
    )
  )

  (module Package_TO_SOT_SMD:SOT-23_Handsoldering (layer F.Cu) (tedit 5A0AB76C) (tstamp 605B0AAB)
    (at 121.91 75.35 90)
    (descr "SOT-23, Handsoldering")
    (tags SOT-23)
    (path /615A9C9E)
    (attr smd)
    (fp_text reference D4 (at 0 -2.5 90) (layer F.SilkS)
      (effects (font (size 1 1) (thickness 0.15)))
    )
    (fp_text value BAV23S (at 0 2.5 90) (layer F.Fab)
      (effects (font (size 1 1) (thickness 0.15)))
    )
    (fp_line (start 0.76 1.58) (end 0.76 0.65) (layer F.SilkS) (width 0.12))
    (fp_line (start 0.76 -1.58) (end 0.76 -0.65) (layer F.SilkS) (width 0.12))
    (fp_line (start -2.7 -1.75) (end 2.7 -1.75) (layer F.CrtYd) (width 0.05))
    (fp_line (start 2.7 -1.75) (end 2.7 1.75) (layer F.CrtYd) (width 0.05))
    (fp_line (start 2.7 1.75) (end -2.7 1.75) (layer F.CrtYd) (width 0.05))
    (fp_line (start -2.7 1.75) (end -2.7 -1.75) (layer F.CrtYd) (width 0.05))
    (fp_line (start 0.76 -1.58) (end -2.4 -1.58) (layer F.SilkS) (width 0.12))
    (fp_line (start -0.7 -0.95) (end -0.7 1.5) (layer F.Fab) (width 0.1))
    (fp_line (start -0.15 -1.52) (end 0.7 -1.52) (layer F.Fab) (width 0.1))
    (fp_line (start -0.7 -0.95) (end -0.15 -1.52) (layer F.Fab) (width 0.1))
    (fp_line (start 0.7 -1.52) (end 0.7 1.52) (layer F.Fab) (width 0.1))
    (fp_line (start -0.7 1.52) (end 0.7 1.52) (layer F.Fab) (width 0.1))
    (fp_line (start 0.76 1.58) (end -0.7 1.58) (layer F.SilkS) (width 0.12))
    (fp_text user %R (at 0 0) (layer F.Fab)
      (effects (font (size 0.5 0.5) (thickness 0.075)))
    )
    (pad 3 smd rect (at 1.5 0 90) (size 1.9 0.8) (layers F.Cu F.Paste F.Mask)
      (net 40 /OFFCOIL3))
    (pad 2 smd rect (at -1.5 0.95 90) (size 1.9 0.8) (layers F.Cu F.Paste F.Mask)
      (net 2 /SAMPWR))
    (pad 1 smd rect (at -1.5 -0.95 90) (size 1.9 0.8) (layers F.Cu F.Paste F.Mask)
      (net 1 GND))
    (model ${KISYS3DMOD}/Package_TO_SOT_SMD.3dshapes/SOT-23.wrl
      (at (xyz 0 0 0))
      (scale (xyz 1 1 1))
      (rotate (xyz 0 0 0))
    )
  )

  (module Package_TO_SOT_SMD:SOT-23_Handsoldering (layer F.Cu) (tedit 5A0AB76C) (tstamp 605B0AC0)
    (at 79.71 50.65 180)
    (descr "SOT-23, Handsoldering")
    (tags SOT-23)
    (path /615A9A56)
    (attr smd)
    (fp_text reference D5 (at -3.9 -0.1) (layer F.SilkS)
      (effects (font (size 1 1) (thickness 0.15)))
    )
    (fp_text value BAV23S (at 0 2.5) (layer F.Fab)
      (effects (font (size 1 1) (thickness 0.15)))
    )
    (fp_line (start 0.76 1.58) (end 0.76 0.65) (layer F.SilkS) (width 0.12))
    (fp_line (start 0.76 -1.58) (end 0.76 -0.65) (layer F.SilkS) (width 0.12))
    (fp_line (start -2.7 -1.75) (end 2.7 -1.75) (layer F.CrtYd) (width 0.05))
    (fp_line (start 2.7 -1.75) (end 2.7 1.75) (layer F.CrtYd) (width 0.05))
    (fp_line (start 2.7 1.75) (end -2.7 1.75) (layer F.CrtYd) (width 0.05))
    (fp_line (start -2.7 1.75) (end -2.7 -1.75) (layer F.CrtYd) (width 0.05))
    (fp_line (start 0.76 -1.58) (end -2.4 -1.58) (layer F.SilkS) (width 0.12))
    (fp_line (start -0.7 -0.95) (end -0.7 1.5) (layer F.Fab) (width 0.1))
    (fp_line (start -0.15 -1.52) (end 0.7 -1.52) (layer F.Fab) (width 0.1))
    (fp_line (start -0.7 -0.95) (end -0.15 -1.52) (layer F.Fab) (width 0.1))
    (fp_line (start 0.7 -1.52) (end 0.7 1.52) (layer F.Fab) (width 0.1))
    (fp_line (start -0.7 1.52) (end 0.7 1.52) (layer F.Fab) (width 0.1))
    (fp_line (start 0.76 1.58) (end -0.7 1.58) (layer F.SilkS) (width 0.12))
    (fp_text user %R (at 0 0 90) (layer F.Fab)
      (effects (font (size 0.5 0.5) (thickness 0.075)))
    )
    (pad 3 smd rect (at 1.5 0 180) (size 1.9 0.8) (layers F.Cu F.Paste F.Mask)
      (net 41 /ONCOIL0))
    (pad 2 smd rect (at -1.5 0.95 180) (size 1.9 0.8) (layers F.Cu F.Paste F.Mask)
      (net 2 /SAMPWR))
    (pad 1 smd rect (at -1.5 -0.95 180) (size 1.9 0.8) (layers F.Cu F.Paste F.Mask)
      (net 1 GND))
    (model ${KISYS3DMOD}/Package_TO_SOT_SMD.3dshapes/SOT-23.wrl
      (at (xyz 0 0 0))
      (scale (xyz 1 1 1))
      (rotate (xyz 0 0 0))
    )
  )

  (module Package_TO_SOT_SMD:SOT-23_Handsoldering (layer F.Cu) (tedit 5A0AB76C) (tstamp 605B0AD5)
    (at 87.896 58.075 270)
    (descr "SOT-23, Handsoldering")
    (tags SOT-23)
    (path /615A9B11)
    (attr smd)
    (fp_text reference D6 (at 0 -2.5 90) (layer F.SilkS)
      (effects (font (size 1 1) (thickness 0.15)))
    )
    (fp_text value BAV23S (at 0 2.5 90) (layer F.Fab)
      (effects (font (size 1 1) (thickness 0.15)))
    )
    (fp_line (start 0.76 1.58) (end 0.76 0.65) (layer F.SilkS) (width 0.12))
    (fp_line (start 0.76 -1.58) (end 0.76 -0.65) (layer F.SilkS) (width 0.12))
    (fp_line (start -2.7 -1.75) (end 2.7 -1.75) (layer F.CrtYd) (width 0.05))
    (fp_line (start 2.7 -1.75) (end 2.7 1.75) (layer F.CrtYd) (width 0.05))
    (fp_line (start 2.7 1.75) (end -2.7 1.75) (layer F.CrtYd) (width 0.05))
    (fp_line (start -2.7 1.75) (end -2.7 -1.75) (layer F.CrtYd) (width 0.05))
    (fp_line (start 0.76 -1.58) (end -2.4 -1.58) (layer F.SilkS) (width 0.12))
    (fp_line (start -0.7 -0.95) (end -0.7 1.5) (layer F.Fab) (width 0.1))
    (fp_line (start -0.15 -1.52) (end 0.7 -1.52) (layer F.Fab) (width 0.1))
    (fp_line (start -0.7 -0.95) (end -0.15 -1.52) (layer F.Fab) (width 0.1))
    (fp_line (start 0.7 -1.52) (end 0.7 1.52) (layer F.Fab) (width 0.1))
    (fp_line (start -0.7 1.52) (end 0.7 1.52) (layer F.Fab) (width 0.1))
    (fp_line (start 0.76 1.58) (end -0.7 1.58) (layer F.SilkS) (width 0.12))
    (fp_text user %R (at 0 0) (layer F.Fab)
      (effects (font (size 0.5 0.5) (thickness 0.075)))
    )
    (pad 3 smd rect (at 1.5 0 270) (size 1.9 0.8) (layers F.Cu F.Paste F.Mask)
      (net 42 /ONCOIL1))
    (pad 2 smd rect (at -1.5 0.95 270) (size 1.9 0.8) (layers F.Cu F.Paste F.Mask)
      (net 2 /SAMPWR))
    (pad 1 smd rect (at -1.5 -0.95 270) (size 1.9 0.8) (layers F.Cu F.Paste F.Mask)
      (net 1 GND))
    (model ${KISYS3DMOD}/Package_TO_SOT_SMD.3dshapes/SOT-23.wrl
      (at (xyz 0 0 0))
      (scale (xyz 1 1 1))
      (rotate (xyz 0 0 0))
    )
  )

  (module Package_TO_SOT_SMD:SOT-23_Handsoldering (layer F.Cu) (tedit 5A0AB76C) (tstamp 605B0AEA)
    (at 108.71 56.75 90)
    (descr "SOT-23, Handsoldering")
    (tags SOT-23)
    (path /615A9BC8)
    (attr smd)
    (fp_text reference D7 (at 0 -2.5 90) (layer F.SilkS)
      (effects (font (size 1 1) (thickness 0.15)))
    )
    (fp_text value BAV23S (at 0 2.5 90) (layer F.Fab)
      (effects (font (size 1 1) (thickness 0.15)))
    )
    (fp_line (start 0.76 1.58) (end -0.7 1.58) (layer F.SilkS) (width 0.12))
    (fp_line (start -0.7 1.52) (end 0.7 1.52) (layer F.Fab) (width 0.1))
    (fp_line (start 0.7 -1.52) (end 0.7 1.52) (layer F.Fab) (width 0.1))
    (fp_line (start -0.7 -0.95) (end -0.15 -1.52) (layer F.Fab) (width 0.1))
    (fp_line (start -0.15 -1.52) (end 0.7 -1.52) (layer F.Fab) (width 0.1))
    (fp_line (start -0.7 -0.95) (end -0.7 1.5) (layer F.Fab) (width 0.1))
    (fp_line (start 0.76 -1.58) (end -2.4 -1.58) (layer F.SilkS) (width 0.12))
    (fp_line (start -2.7 1.75) (end -2.7 -1.75) (layer F.CrtYd) (width 0.05))
    (fp_line (start 2.7 1.75) (end -2.7 1.75) (layer F.CrtYd) (width 0.05))
    (fp_line (start 2.7 -1.75) (end 2.7 1.75) (layer F.CrtYd) (width 0.05))
    (fp_line (start -2.7 -1.75) (end 2.7 -1.75) (layer F.CrtYd) (width 0.05))
    (fp_line (start 0.76 -1.58) (end 0.76 -0.65) (layer F.SilkS) (width 0.12))
    (fp_line (start 0.76 1.58) (end 0.76 0.65) (layer F.SilkS) (width 0.12))
    (fp_text user %R (at 0 0) (layer F.Fab)
      (effects (font (size 0.5 0.5) (thickness 0.075)))
    )
    (pad 1 smd rect (at -1.5 -0.95 90) (size 1.9 0.8) (layers F.Cu F.Paste F.Mask)
      (net 1 GND))
    (pad 2 smd rect (at -1.5 0.95 90) (size 1.9 0.8) (layers F.Cu F.Paste F.Mask)
      (net 2 /SAMPWR))
    (pad 3 smd rect (at 1.5 0 90) (size 1.9 0.8) (layers F.Cu F.Paste F.Mask)
      (net 43 /ONCOIL2))
    (model ${KISYS3DMOD}/Package_TO_SOT_SMD.3dshapes/SOT-23.wrl
      (at (xyz 0 0 0))
      (scale (xyz 1 1 1))
      (rotate (xyz 0 0 0))
    )
  )

  (module Package_TO_SOT_SMD:SOT-23_Handsoldering (layer F.Cu) (tedit 5A0AB76C) (tstamp 605B0AFF)
    (at 124.91 62.35 90)
    (descr "SOT-23, Handsoldering")
    (tags SOT-23)
    (path /615A9C7F)
    (attr smd)
    (fp_text reference D8 (at 0.1 -2.4 90) (layer F.SilkS)
      (effects (font (size 1 1) (thickness 0.15)))
    )
    (fp_text value BAV23S (at 0 2.5 90) (layer F.Fab)
      (effects (font (size 1 1) (thickness 0.15)))
    )
    (fp_line (start 0.76 1.58) (end -0.7 1.58) (layer F.SilkS) (width 0.12))
    (fp_line (start -0.7 1.52) (end 0.7 1.52) (layer F.Fab) (width 0.1))
    (fp_line (start 0.7 -1.52) (end 0.7 1.52) (layer F.Fab) (width 0.1))
    (fp_line (start -0.7 -0.95) (end -0.15 -1.52) (layer F.Fab) (width 0.1))
    (fp_line (start -0.15 -1.52) (end 0.7 -1.52) (layer F.Fab) (width 0.1))
    (fp_line (start -0.7 -0.95) (end -0.7 1.5) (layer F.Fab) (width 0.1))
    (fp_line (start 0.76 -1.58) (end -2.4 -1.58) (layer F.SilkS) (width 0.12))
    (fp_line (start -2.7 1.75) (end -2.7 -1.75) (layer F.CrtYd) (width 0.05))
    (fp_line (start 2.7 1.75) (end -2.7 1.75) (layer F.CrtYd) (width 0.05))
    (fp_line (start 2.7 -1.75) (end 2.7 1.75) (layer F.CrtYd) (width 0.05))
    (fp_line (start -2.7 -1.75) (end 2.7 -1.75) (layer F.CrtYd) (width 0.05))
    (fp_line (start 0.76 -1.58) (end 0.76 -0.65) (layer F.SilkS) (width 0.12))
    (fp_line (start 0.76 1.58) (end 0.76 0.65) (layer F.SilkS) (width 0.12))
    (fp_text user %R (at 0 0) (layer F.Fab)
      (effects (font (size 0.5 0.5) (thickness 0.075)))
    )
    (pad 1 smd rect (at -1.5 -0.95 90) (size 1.9 0.8) (layers F.Cu F.Paste F.Mask)
      (net 1 GND))
    (pad 2 smd rect (at -1.5 0.95 90) (size 1.9 0.8) (layers F.Cu F.Paste F.Mask)
      (net 2 /SAMPWR))
    (pad 3 smd rect (at 1.5 0 90) (size 1.9 0.8) (layers F.Cu F.Paste F.Mask)
      (net 44 /ONCOIL3))
    (model ${KISYS3DMOD}/Package_TO_SOT_SMD.3dshapes/SOT-23.wrl
      (at (xyz 0 0 0))
      (scale (xyz 1 1 1))
      (rotate (xyz 0 0 0))
    )
  )

  (module Package_TO_SOT_SMD:SOT-23_Handsoldering (layer F.Cu) (tedit 5A0AB76C) (tstamp 605B0B14)
    (at 151.81 71.9)
    (descr "SOT-23, Handsoldering")
    (tags SOT-23)
    (path /5E9B73E2)
    (attr smd)
    (fp_text reference D9 (at -4.1 0.15) (layer F.SilkS)
      (effects (font (size 1 1) (thickness 0.15)))
    )
    (fp_text value BAV23S (at 0 2.5) (layer F.Fab)
      (effects (font (size 1 1) (thickness 0.15)))
    )
    (fp_line (start 0.76 1.58) (end -0.7 1.58) (layer F.SilkS) (width 0.12))
    (fp_line (start -0.7 1.52) (end 0.7 1.52) (layer F.Fab) (width 0.1))
    (fp_line (start 0.7 -1.52) (end 0.7 1.52) (layer F.Fab) (width 0.1))
    (fp_line (start -0.7 -0.95) (end -0.15 -1.52) (layer F.Fab) (width 0.1))
    (fp_line (start -0.15 -1.52) (end 0.7 -1.52) (layer F.Fab) (width 0.1))
    (fp_line (start -0.7 -0.95) (end -0.7 1.5) (layer F.Fab) (width 0.1))
    (fp_line (start 0.76 -1.58) (end -2.4 -1.58) (layer F.SilkS) (width 0.12))
    (fp_line (start -2.7 1.75) (end -2.7 -1.75) (layer F.CrtYd) (width 0.05))
    (fp_line (start 2.7 1.75) (end -2.7 1.75) (layer F.CrtYd) (width 0.05))
    (fp_line (start 2.7 -1.75) (end 2.7 1.75) (layer F.CrtYd) (width 0.05))
    (fp_line (start -2.7 -1.75) (end 2.7 -1.75) (layer F.CrtYd) (width 0.05))
    (fp_line (start 0.76 -1.58) (end 0.76 -0.65) (layer F.SilkS) (width 0.12))
    (fp_line (start 0.76 1.58) (end 0.76 0.65) (layer F.SilkS) (width 0.12))
    (fp_text user %R (at 0 0 90) (layer F.Fab)
      (effects (font (size 0.5 0.5) (thickness 0.075)))
    )
    (pad 1 smd rect (at -1.5 -0.95) (size 1.9 0.8) (layers F.Cu F.Paste F.Mask)
      (net 1 GND))
    (pad 2 smd rect (at -1.5 0.95) (size 1.9 0.8) (layers F.Cu F.Paste F.Mask)
      (net 2 /SAMPWR))
    (pad 3 smd rect (at 1.5 0) (size 1.9 0.8) (layers F.Cu F.Paste F.Mask)
      (net 45 /OFFCOIL4))
    (model ${KISYS3DMOD}/Package_TO_SOT_SMD.3dshapes/SOT-23.wrl
      (at (xyz 0 0 0))
      (scale (xyz 1 1 1))
      (rotate (xyz 0 0 0))
    )
  )

  (module Package_TO_SOT_SMD:SOT-23_Handsoldering (layer F.Cu) (tedit 5A0AB76C) (tstamp 605B0B29)
    (at 176.01 70.85)
    (descr "SOT-23, Handsoldering")
    (tags SOT-23)
    (path /614C700A)
    (attr smd)
    (fp_text reference D10 (at 0 -2.3) (layer F.SilkS)
      (effects (font (size 1 1) (thickness 0.15)))
    )
    (fp_text value BAV23S (at 0 2.5) (layer F.Fab)
      (effects (font (size 1 1) (thickness 0.15)))
    )
    (fp_line (start 0.76 1.58) (end -0.7 1.58) (layer F.SilkS) (width 0.12))
    (fp_line (start -0.7 1.52) (end 0.7 1.52) (layer F.Fab) (width 0.1))
    (fp_line (start 0.7 -1.52) (end 0.7 1.52) (layer F.Fab) (width 0.1))
    (fp_line (start -0.7 -0.95) (end -0.15 -1.52) (layer F.Fab) (width 0.1))
    (fp_line (start -0.15 -1.52) (end 0.7 -1.52) (layer F.Fab) (width 0.1))
    (fp_line (start -0.7 -0.95) (end -0.7 1.5) (layer F.Fab) (width 0.1))
    (fp_line (start 0.76 -1.58) (end -2.4 -1.58) (layer F.SilkS) (width 0.12))
    (fp_line (start -2.7 1.75) (end -2.7 -1.75) (layer F.CrtYd) (width 0.05))
    (fp_line (start 2.7 1.75) (end -2.7 1.75) (layer F.CrtYd) (width 0.05))
    (fp_line (start 2.7 -1.75) (end 2.7 1.75) (layer F.CrtYd) (width 0.05))
    (fp_line (start -2.7 -1.75) (end 2.7 -1.75) (layer F.CrtYd) (width 0.05))
    (fp_line (start 0.76 -1.58) (end 0.76 -0.65) (layer F.SilkS) (width 0.12))
    (fp_line (start 0.76 1.58) (end 0.76 0.65) (layer F.SilkS) (width 0.12))
    (fp_text user %R (at 0 0 90) (layer F.Fab)
      (effects (font (size 0.5 0.5) (thickness 0.075)))
    )
    (pad 1 smd rect (at -1.5 -0.95) (size 1.9 0.8) (layers F.Cu F.Paste F.Mask)
      (net 1 GND))
    (pad 2 smd rect (at -1.5 0.95) (size 1.9 0.8) (layers F.Cu F.Paste F.Mask)
      (net 2 /SAMPWR))
    (pad 3 smd rect (at 1.5 0) (size 1.9 0.8) (layers F.Cu F.Paste F.Mask)
      (net 46 /OFFCOIL5))
    (model ${KISYS3DMOD}/Package_TO_SOT_SMD.3dshapes/SOT-23.wrl
      (at (xyz 0 0 0))
      (scale (xyz 1 1 1))
      (rotate (xyz 0 0 0))
    )
  )

  (module Package_TO_SOT_SMD:SOT-23_Handsoldering (layer F.Cu) (tedit 5A0AB76C) (tstamp 605B0B3E)
    (at 198.91 71.65)
    (descr "SOT-23, Handsoldering")
    (tags SOT-23)
    (path /6151BAA0)
    (attr smd)
    (fp_text reference D11 (at 0 -2.5) (layer F.SilkS)
      (effects (font (size 1 1) (thickness 0.15)))
    )
    (fp_text value BAV23S (at 0 2.5) (layer F.Fab)
      (effects (font (size 1 1) (thickness 0.15)))
    )
    (fp_line (start 0.76 1.58) (end -0.7 1.58) (layer F.SilkS) (width 0.12))
    (fp_line (start -0.7 1.52) (end 0.7 1.52) (layer F.Fab) (width 0.1))
    (fp_line (start 0.7 -1.52) (end 0.7 1.52) (layer F.Fab) (width 0.1))
    (fp_line (start -0.7 -0.95) (end -0.15 -1.52) (layer F.Fab) (width 0.1))
    (fp_line (start -0.15 -1.52) (end 0.7 -1.52) (layer F.Fab) (width 0.1))
    (fp_line (start -0.7 -0.95) (end -0.7 1.5) (layer F.Fab) (width 0.1))
    (fp_line (start 0.76 -1.58) (end -2.4 -1.58) (layer F.SilkS) (width 0.12))
    (fp_line (start -2.7 1.75) (end -2.7 -1.75) (layer F.CrtYd) (width 0.05))
    (fp_line (start 2.7 1.75) (end -2.7 1.75) (layer F.CrtYd) (width 0.05))
    (fp_line (start 2.7 -1.75) (end 2.7 1.75) (layer F.CrtYd) (width 0.05))
    (fp_line (start -2.7 -1.75) (end 2.7 -1.75) (layer F.CrtYd) (width 0.05))
    (fp_line (start 0.76 -1.58) (end 0.76 -0.65) (layer F.SilkS) (width 0.12))
    (fp_line (start 0.76 1.58) (end 0.76 0.65) (layer F.SilkS) (width 0.12))
    (fp_text user %R (at 0 0 90) (layer F.Fab)
      (effects (font (size 0.5 0.5) (thickness 0.075)))
    )
    (pad 1 smd rect (at -1.5 -0.95) (size 1.9 0.8) (layers F.Cu F.Paste F.Mask)
      (net 1 GND))
    (pad 2 smd rect (at -1.5 0.95) (size 1.9 0.8) (layers F.Cu F.Paste F.Mask)
      (net 2 /SAMPWR))
    (pad 3 smd rect (at 1.5 0) (size 1.9 0.8) (layers F.Cu F.Paste F.Mask)
      (net 47 /OFFCOIL6))
    (model ${KISYS3DMOD}/Package_TO_SOT_SMD.3dshapes/SOT-23.wrl
      (at (xyz 0 0 0))
      (scale (xyz 1 1 1))
      (rotate (xyz 0 0 0))
    )
  )

  (module Package_TO_SOT_SMD:SOT-23_Handsoldering (layer F.Cu) (tedit 5A0AB76C) (tstamp 605B0B53)
    (at 222.96 71.95)
    (descr "SOT-23, Handsoldering")
    (tags SOT-23)
    (path /6151BB57)
    (attr smd)
    (fp_text reference D12 (at 0 -2.5) (layer F.SilkS)
      (effects (font (size 1 1) (thickness 0.15)))
    )
    (fp_text value BAV23S (at 0 2.5) (layer F.Fab)
      (effects (font (size 1 1) (thickness 0.15)))
    )
    (fp_line (start 0.76 1.58) (end 0.76 0.65) (layer F.SilkS) (width 0.12))
    (fp_line (start 0.76 -1.58) (end 0.76 -0.65) (layer F.SilkS) (width 0.12))
    (fp_line (start -2.7 -1.75) (end 2.7 -1.75) (layer F.CrtYd) (width 0.05))
    (fp_line (start 2.7 -1.75) (end 2.7 1.75) (layer F.CrtYd) (width 0.05))
    (fp_line (start 2.7 1.75) (end -2.7 1.75) (layer F.CrtYd) (width 0.05))
    (fp_line (start -2.7 1.75) (end -2.7 -1.75) (layer F.CrtYd) (width 0.05))
    (fp_line (start 0.76 -1.58) (end -2.4 -1.58) (layer F.SilkS) (width 0.12))
    (fp_line (start -0.7 -0.95) (end -0.7 1.5) (layer F.Fab) (width 0.1))
    (fp_line (start -0.15 -1.52) (end 0.7 -1.52) (layer F.Fab) (width 0.1))
    (fp_line (start -0.7 -0.95) (end -0.15 -1.52) (layer F.Fab) (width 0.1))
    (fp_line (start 0.7 -1.52) (end 0.7 1.52) (layer F.Fab) (width 0.1))
    (fp_line (start -0.7 1.52) (end 0.7 1.52) (layer F.Fab) (width 0.1))
    (fp_line (start 0.76 1.58) (end -0.7 1.58) (layer F.SilkS) (width 0.12))
    (fp_text user %R (at 0 0 90) (layer F.Fab)
      (effects (font (size 0.5 0.5) (thickness 0.075)))
    )
    (pad 3 smd rect (at 1.5 0) (size 1.9 0.8) (layers F.Cu F.Paste F.Mask)
      (net 48 /OFFCOIL7))
    (pad 2 smd rect (at -1.5 0.95) (size 1.9 0.8) (layers F.Cu F.Paste F.Mask)
      (net 2 /SAMPWR))
    (pad 1 smd rect (at -1.5 -0.95) (size 1.9 0.8) (layers F.Cu F.Paste F.Mask)
      (net 1 GND))
    (model ${KISYS3DMOD}/Package_TO_SOT_SMD.3dshapes/SOT-23.wrl
      (at (xyz 0 0 0))
      (scale (xyz 1 1 1))
      (rotate (xyz 0 0 0))
    )
  )

  (module Package_TO_SOT_SMD:SOT-23_Handsoldering (layer F.Cu) (tedit 5A0AB76C) (tstamp 605B0B68)
    (at 151.61 63.75)
    (descr "SOT-23, Handsoldering")
    (tags SOT-23)
    (path /5E9B73C1)
    (attr smd)
    (fp_text reference D13 (at 2.6 -1.5) (layer F.SilkS)
      (effects (font (size 1 1) (thickness 0.15)))
    )
    (fp_text value BAV23S (at 0 2.5) (layer F.Fab)
      (effects (font (size 1 1) (thickness 0.15)))
    )
    (fp_line (start 0.76 1.58) (end -0.7 1.58) (layer F.SilkS) (width 0.12))
    (fp_line (start -0.7 1.52) (end 0.7 1.52) (layer F.Fab) (width 0.1))
    (fp_line (start 0.7 -1.52) (end 0.7 1.52) (layer F.Fab) (width 0.1))
    (fp_line (start -0.7 -0.95) (end -0.15 -1.52) (layer F.Fab) (width 0.1))
    (fp_line (start -0.15 -1.52) (end 0.7 -1.52) (layer F.Fab) (width 0.1))
    (fp_line (start -0.7 -0.95) (end -0.7 1.5) (layer F.Fab) (width 0.1))
    (fp_line (start 0.76 -1.58) (end -2.4 -1.58) (layer F.SilkS) (width 0.12))
    (fp_line (start -2.7 1.75) (end -2.7 -1.75) (layer F.CrtYd) (width 0.05))
    (fp_line (start 2.7 1.75) (end -2.7 1.75) (layer F.CrtYd) (width 0.05))
    (fp_line (start 2.7 -1.75) (end 2.7 1.75) (layer F.CrtYd) (width 0.05))
    (fp_line (start -2.7 -1.75) (end 2.7 -1.75) (layer F.CrtYd) (width 0.05))
    (fp_line (start 0.76 -1.58) (end 0.76 -0.65) (layer F.SilkS) (width 0.12))
    (fp_line (start 0.76 1.58) (end 0.76 0.65) (layer F.SilkS) (width 0.12))
    (fp_text user %R (at 0 0 90) (layer F.Fab)
      (effects (font (size 0.5 0.5) (thickness 0.075)))
    )
    (pad 1 smd rect (at -1.5 -0.95) (size 1.9 0.8) (layers F.Cu F.Paste F.Mask)
      (net 1 GND))
    (pad 2 smd rect (at -1.5 0.95) (size 1.9 0.8) (layers F.Cu F.Paste F.Mask)
      (net 2 /SAMPWR))
    (pad 3 smd rect (at 1.5 0) (size 1.9 0.8) (layers F.Cu F.Paste F.Mask)
      (net 49 /ONCOIL4))
    (model ${KISYS3DMOD}/Package_TO_SOT_SMD.3dshapes/SOT-23.wrl
      (at (xyz 0 0 0))
      (scale (xyz 1 1 1))
      (rotate (xyz 0 0 0))
    )
  )

  (module Package_TO_SOT_SMD:SOT-23_Handsoldering (layer F.Cu) (tedit 5A0AB76C) (tstamp 605B0B7D)
    (at 175.51 56.2)
    (descr "SOT-23, Handsoldering")
    (tags SOT-23)
    (path /614C6FEB)
    (attr smd)
    (fp_text reference D14 (at 0 -2.5) (layer F.SilkS)
      (effects (font (size 1 1) (thickness 0.15)))
    )
    (fp_text value BAV23S (at 0 2.5) (layer F.Fab)
      (effects (font (size 1 1) (thickness 0.15)))
    )
    (fp_line (start 0.76 1.58) (end 0.76 0.65) (layer F.SilkS) (width 0.12))
    (fp_line (start 0.76 -1.58) (end 0.76 -0.65) (layer F.SilkS) (width 0.12))
    (fp_line (start -2.7 -1.75) (end 2.7 -1.75) (layer F.CrtYd) (width 0.05))
    (fp_line (start 2.7 -1.75) (end 2.7 1.75) (layer F.CrtYd) (width 0.05))
    (fp_line (start 2.7 1.75) (end -2.7 1.75) (layer F.CrtYd) (width 0.05))
    (fp_line (start -2.7 1.75) (end -2.7 -1.75) (layer F.CrtYd) (width 0.05))
    (fp_line (start 0.76 -1.58) (end -2.4 -1.58) (layer F.SilkS) (width 0.12))
    (fp_line (start -0.7 -0.95) (end -0.7 1.5) (layer F.Fab) (width 0.1))
    (fp_line (start -0.15 -1.52) (end 0.7 -1.52) (layer F.Fab) (width 0.1))
    (fp_line (start -0.7 -0.95) (end -0.15 -1.52) (layer F.Fab) (width 0.1))
    (fp_line (start 0.7 -1.52) (end 0.7 1.52) (layer F.Fab) (width 0.1))
    (fp_line (start -0.7 1.52) (end 0.7 1.52) (layer F.Fab) (width 0.1))
    (fp_line (start 0.76 1.58) (end -0.7 1.58) (layer F.SilkS) (width 0.12))
    (fp_text user %R (at 0 0 90) (layer F.Fab)
      (effects (font (size 0.5 0.5) (thickness 0.075)))
    )
    (pad 3 smd rect (at 1.5 0) (size 1.9 0.8) (layers F.Cu F.Paste F.Mask)
      (net 50 /ONCOIL5))
